  4.6000000000E+01  1.3428121511E-01
  1.0000000000E+00  0.0000000000E+00
 -1.5435584446E+01  1.1409276482E+01 -6.7589052790E+01
  2.3221569760E+00  4.7730349850E-01 -4.3188640028E-01
  3.0115004935E+00  0.0000000000E+00 -2.9756726333E-01  2.7139332302E+00
  0.0000000000E+00  0.0000000000E+00  0.0000000000E+00
  1.3235539717E+00


  0.0000000000E+00  1.3428121511E-01
  1.0000000000E+00  9.7942000000E-01
 -1.5433332560E+01  1.1407953264E+01 -6.7604453525E+01
  2.2913244727E+00  4.8189237952E-01 -4.3596969428E-01
  3.0306031575E+00  3.3884035610E+01 -2.9583742948E-01  3.6618801338E+01
  1.4847180969E-01 -2.9441017937E-01  1.0086051372E+00
  3.8409572833E+02


  3.3570303777E+00  1.3428121511E-01
  1.0000000000E+00  9.7712000000E-01
 -7.4263196775E+00  1.2899018582E+01 -6.8144505689E+01
  2.4423015592E+00  4.1365990166E-01  9.9570845063E-02
  3.2290696850E+00  3.3685793604E+01 -2.9602893593E-01  3.6618834353E+01
  1.4886446623E-01 -2.9458638205E-01  1.0106676703E+00
  2.1328857422E+01


  6.7140607554E+00  1.3428121511E-01
  1.0000000000E+00  9.7502000000E-01
  8.3717540395E-01  1.4044700630E+01 -6.6971578117E+01
  2.4715006629E+00  2.9404896970E-01  6.0166316188E-01
  3.4649106804E+00  3.3450180506E+01 -2.9625330145E-01  3.6618837885E+01
  1.4920282543E-01 -2.9479836032E-01  1.0122364674E+00
  2.0634185791E+01


  1.0071091133E+01  1.3428121511E-01
  1.0000000000E+00  9.7267000000E-01
  9.0533827285E+00  1.4812931007E+01 -6.3996745794E+01
  2.3993228585E+00  1.7822657413E-01  1.1500600226E+00
  3.7266245370E+00  3.3187939934E+01 -2.9572492836E-01  3.6618839542E+01
  1.4882918653E-01 -2.9423550879E-01  1.0116330768E+00
  2.0569915771E+01


  1.3428121511E+01  1.3428121511E-01
  1.0000000000E+00  9.6957000000E-01
  1.6838924502E+01  1.5180454536E+01 -5.9229280205E+01
  2.1904625067E+00  4.1386402458E-02  1.7088500722E+00
  4.0301591109E+00  3.2883616123E+01 -2.9493159019E-01  3.6618843644E+01
  1.4859462553E-01 -2.9330717141E-01  1.0132355429E+00
  2.0649993896E+01


  1.6785151888E+01  1.3428121511E-01
  1.0000000000E+00  9.6650000000E-01
  2.3758631478E+01  1.5066571614E+01 -5.2671010286E+01
  1.9062380816E+00 -1.0032247773E-01  2.2014751939E+00
  4.4133898301E+00  3.2499980943E+01 -2.9452342743E-01  3.6618847346E+01
  1.4825900121E-01 -2.9275710258E-01  1.0128464854E+00
  2.0564392090E+01


  2.0142182266E+01  1.3428121511E-01
  1.0000000000E+00  9.6288000000E-01
  2.9400073125E+01  1.4423389269E+01 -4.4418386484E+01
  1.4667527214E+00 -2.7135692748E-01  2.6860843275E+00
  4.9411744167E+00  3.1971375641E+01 -2.9369708296E-01  3.6618852975E+01
  1.4790991619E-01 -2.9172563466E-01  1.0140344119E+00
  2.1370056152E+01


  2.3499212644E+01  1.3428121511E-01
  1.0000000000E+00  9.5858000000E-01
  3.3389867247E+01  1.3177628010E+01 -3.4522971850E+01
  9.0531897995E-01 -4.5921407121E-01  3.1703144482E+00
  5.7155238759E+00  3.1195993179E+01 -2.9265216636E-01  3.6618864889E+01
  1.4711693415E-01 -2.9039968092E-01  1.0132031391E+00
  2.0611999512E+01


  2.6856243021E+01  1.3428121511E-01
  1.0000000000E+00  9.5311000000E-01
  3.5180549910E+01  1.1330092047E+01 -2.3104256445E+01
  1.6628276380E-01 -6.6230434886E-01  3.6018346397E+00
  6.8897513534E+00  3.0020144466E+01 -2.9101605295E-01  3.6618879766E+01
  1.4588550850E-01 -2.8831723848E-01  1.0119790913E+00
  2.0668884277E+01


  3.0213273399E+01  1.3428121511E-01
  1.0000000000E+00  9.4630000000E-01
  3.4152676662E+01  8.7501120459E+00 -1.0379542109E+01
 -7.9373511293E-01 -8.7443615836E-01  3.9561430419E+00
  8.7118217766E+00  2.8195770526E+01 -2.8869274902E-01  3.6618899554E+01
  1.4454942995E-01 -2.8532328833E-01  1.0132326092E+00
  2.0636962891E+01


  3.3570303777E+01  1.3428121511E-01
  1.0000000000E+00  9.3443000000E-01
  2.9304881925E+01  5.3351868308E+00  3.3286801509E+00
 -2.0921447823E+00 -1.1414340041E+00  4.1005067278E+00
  1.1331158241E+01  2.5574990661E+01 -2.8746604236E-01  3.6618682860E+01
  1.4549326035E-01 -2.8254219174E-01  1.0298869663E+00
  2.1383972168E+01


  3.6927334155E+01  1.3428121511E-01
  1.0000000000E+00  9.1854000000E-01
  1.9636025487E+01  1.1571310341E+00  1.6282333887E+01
 -3.5998941126E+00 -1.3476618170E+00  3.5288998195E+00
  1.3503726405E+01  2.3400619894E+01 -2.8595107264E-01  3.6618395226E+01
  1.4634707981E-01 -2.7856537872E-01  1.0507198021E+00
  2.1319580078E+01


  4.0284364532E+01  1.3428121511E-01
  1.0000000000E+00  9.0288000000E-01
  5.6073510867E+00 -3.3342387642E+00  2.6110353506E+01
 -4.5581626182E+00 -1.2845223820E+00  2.2917340943E+00
  1.3731723745E+01  2.3168685336E+01 -2.8216408455E-01  3.6618244997E+01
  1.4460456385E-01 -2.7201097845E-01  1.0632259380E+00
  2.1332702637E+01


  4.3641394910E+01  1.3428121511E-01
  1.0000000000E+00  8.8886000000E-01
 -9.7522985233E+00 -7.3782682282E+00  3.1528888378E+01
 -4.4640250427E+00 -1.0717667001E+00  1.0436381134E+00
  1.1059238648E+01  2.5840217973E+01 -2.8072234986E-01  3.6618734272E+01
  1.4408996123E-01 -2.6808091208E-01  1.0749736720E+00
  2.1955871582E+01


  4.6998425288E+01  1.3428121511E-01
  1.0000000000E+00  8.8003000000E-01
 -2.3743537576E+01 -1.0649098047E+01  3.3479712479E+01
 -3.8590495905E+00 -8.5985446695E-01  2.0340359834E-01
  7.9243777923E+00  2.8967312479E+01 -2.7278999610E-01  3.6618900276E+01
  1.3628176985E-01 -2.5922069402E-01  1.0514729186E+00
  2.2705200195E+01


  5.0355455665E+01  1.3428121511E-01
  1.0000000000E+00  8.7299000000E-01
 -3.5530559425E+01 -1.3171259830E+01  3.3210048618E+01
 -3.1869291329E+00 -6.4548771244E-01 -3.1660635659E-01
  5.5131082336E+00  3.1368039707E+01 -2.6223534412E-01  3.6618912597E+01
  1.2633171891E-01 -2.4869978287E-01  1.0159375087E+00
  2.1946289062E+01


  5.3712486043E+01  1.3428121511E-01
  1.0000000000E+00  8.6809000000E-01
 -4.5081145846E+01 -1.5053307588E+01  3.1481624378E+01
 -2.5718364607E+00 -4.9155310460E-01 -6.6516375174E-01
  3.8066972924E+00  3.3068011430E+01 -2.5580793537E-01  3.6618900787E+01
  1.2175913425E-01 -2.4315608642E-01  1.0014895045E+00
  2.1297546387E+01


  5.7069516421E+01  1.3428121511E-01
  1.0000000000E+00  8.6364000000E-01
 -5.2566156186E+01 -1.6425092913E+01  2.8773329883E+01
 -1.9426030724E+00 -3.4667730912E-01 -9.2760229367E-01
  2.6364706469E+00  3.4237054607E+01 -2.5463659029E-01  3.6618888663E+01
  1.2161853463E-01 -2.4324011836E-01  9.9998746461E-01
  2.1257873535E+01


  6.0426546798E+01  1.3428121511E-01
  1.0000000000E+00  8.6002000000E-01
 -5.8085347085E+01 -1.7295390566E+01  2.5308584270E+01
 -1.3622110168E+00 -1.7355225334E-01 -1.1069210437E+00
  1.8802493208E+00  3.4992320154E+01 -2.5363053039E-01  3.6618938945E+01
  1.2255899612E-01 -2.4370102960E-01  1.0058143482E+00
  2.1305236816E+01


  6.3783577176E+01  1.3428121511E-01
  1.0000000000E+00  8.5690000000E-01
 -6.1728853085E+01 -1.7738478062E+01  2.1276069875E+01
 -8.2799514115E-01 -5.3450282287E-02 -1.2753415928E+00
  1.4667186366E+00  3.5403515378E+01 -2.5129698943E-01  3.6618937025E+01
  1.2174917174E-01 -2.4262666045E-01  1.0035926927E+00
  2.1227661133E+01


  6.7140607554E+01  1.3428121511E-01
  1.0000000000E+00  8.5331000000E-01
 -6.3497310739E+01 -1.7770650415E+01  1.6817536972E+01
 -2.3833707192E-01  4.1250588721E-02 -1.3813978092E+00
  1.3699250634E+00  3.5498405069E+01 -2.4939594929E-01  3.6618934183E+01
  1.2099065451E-01 -2.4173487153E-01  1.0010194536E+00
  2.1273071289E+01


  7.0497637931E+01  1.3428121511E-01
  1.0000000000E+00  8.5015000000E-01
 -6.3409723465E+01 -1.7407556135E+01  1.1989064011E+01
  3.0261556851E-01  1.6616463167E-01 -1.4900272024E+00
  1.5943437840E+00  3.5272446261E+01 -2.4784543070E-01  3.6618944614E+01
  1.2050547943E-01 -2.4110236163E-01  9.9962089639E-01
  2.1226135254E+01


  7.3854668309E+01  1.3428121511E-01
  1.0000000000E+00  8.4659000000E-01
 -6.1377017014E+01 -1.6555241935E+01  6.8688459699E+00
  8.9627980664E-01  3.0517789379E-01 -1.5335752404E+00
  2.1827264844E+00  3.4682767996E+01 -2.4655901211E-01  3.6618935469E+01
  1.2038040668E-01 -2.4057934969E-01  1.0007542779E+00
  2.1210266113E+01


  7.7211698687E+01  1.3428121511E-01
  1.0000000000E+00  8.4313000000E-01
 -5.7331117994E+01 -1.5335124006E+01  1.5562381646E+00
  1.5269106336E+00  4.1511454527E-01 -1.5901532957E+00
  3.2037676413E+00  3.3660474115E+01 -2.4530343823E-01  3.6618938318E+01
  1.2033977856E-01 -2.3998389147E-01  1.0028988014E+00
  2.1229370117E+01


  8.0568729064E+01  1.3428121511E-01
  1.0000000000E+00  8.3956000000E-01
 -5.0988827237E+01 -1.3557154665E+01 -3.8093142069E+00
  2.2297892051E+00  6.1763029209E-01 -1.5827430161E+00
  4.6062675722E+00  3.2258273457E+01 -2.4559592489E-01  3.6618945104E+01
  1.2141908965E-01 -2.4079861658E-01  1.0084699935E+00
  2.0561340332E+01


  8.3925759442E+01  1.3428121511E-01
  1.0000000000E+00  8.3493000000E-01
 -4.2124038272E+01 -1.1257922725E+01 -8.9675487439E+00
  3.0498811226E+00  7.5351632381E-01 -1.4755944398E+00
  6.4441670742E+00  3.0419438173E+01 -2.4457829447E-01  3.6619026952E+01
  1.2171583455E-01 -2.4004843217E-01  1.0140939764E+00
  2.0543518066E+01


  8.7282789820E+01  1.3428121511E-01
  1.0000000000E+00  8.2889000000E-01
 -3.0109541490E+01 -8.2412994364E+00 -1.3477451725E+01
  4.1060275018E+00  1.0142086913E+00 -1.1931051340E+00
  9.2972914996E+00  2.7565125750E+01 -2.4328565808E-01  3.6619131591E+01
  1.2075295037E-01 -2.3868284468E-01  1.0118276454E+00
  2.0576416016E+01


  9.0639820198E+01  1.3428121511E-01
  1.0000000000E+00  8.1805000000E-01
 -1.4210633352E+01 -4.3582180305E+00 -1.6380450206E+01
  5.3628316150E+00  1.3073472447E+00 -4.2116755354E-01
  1.4102075414E+01  2.2759265626E+01 -2.4245319413E-01  3.6618887846E+01
  1.2219242436E-01 -2.3667919251E-01  1.0325573876E+00
  2.1174499512E+01


  9.3996850575E+01  1.3428121511E-01
  1.0000000000E+00  7.9487000000E-01
  5.4424163526E+00  5.2436891560E-01 -1.4649218948E+01
  5.9451038832E+00  1.5110463862E+00  1.5655436616E+00
  1.7699395395E+01  1.9164949174E+01 -2.4735421499E-01  3.6616990354E+01
  1.3321978765E-01 -2.3678209803E-01  1.1252521940E+00
  2.1245971680E+01


  9.7353880953E+01  1.3428121511E-01
  1.0000000000E+00  7.7062000000E-01
  2.2665172041E+01  5.1851330488E+00 -6.4188786496E+00
  4.2695072509E+00  1.2278524203E+00  2.9796255964E+00
  1.2966376550E+01  2.3889654905E+01 -2.3693096194E-01  3.6619100493E+01
  1.2597673977E-01 -2.1972738000E-01  1.1466640141E+00
  2.1767333984E+01


  1.0071091133E+02  1.3428121511E-01
  1.0000000000E+00  7.5473000000E-01
  3.4160067781E+01  8.7200300865E+00  4.1135948653E+00
  2.7443732351E+00  9.1058810100E-01  3.1286015019E+00
  8.7203038677E+00  2.8105931412E+01 -2.0695391243E-01  3.6619281367E+01
  9.8227086188E-02 -1.8903536449E-01  1.0392456084E+00
  2.1761474609E+01


  1.0406794171E+02  1.3428121511E-01
  1.0000000000E+00  7.4364000000E-01
  4.1476412545E+01  1.1345628352E+01  1.4267825590E+01
  1.7207869440E+00  6.8413377042E-01  2.9055362056E+00
  6.2300345246E+00  3.0581414827E+01 -1.9225213472E-01  3.6619197217E+01
  8.6088831319E-02 -1.7562311012E-01  9.8038158260E-01
  2.2421081543E+01


  1.0742497209E+02  1.3428121511E-01
  1.0000000000E+00  7.3548000000E-01
  4.5861246626E+01  1.3320093661E+01  2.3652643729E+01
  9.2502636754E-01  5.0926227923E-01  2.6691201712E+00
  4.8137596421E+00  3.1996116367E+01 -1.9075389820E-01  3.6619122111E+01
  8.6771114062E-02 -1.7578461654E-01  9.8724354575E-01
  2.1796386719E+01


  1.1078200246E+02  1.3428121511E-01
  1.0000000000E+00  7.2912000000E-01
  4.7850413181E+01  1.4701911474E+01  3.2174131837E+01
  2.9297748603E-01  3.2756826313E-01  2.4158165611E+00
  3.9176925675E+00  3.2893681972E+01 -1.9226724902E-01  3.6619107290E+01
  9.0530565193E-02 -1.7881939657E-01  1.0125363012E+00
  2.1711669922E+01


  1.1413903284E+02  1.3428121511E-01
  1.0000000000E+00  7.2398000000E-01
  4.7807836319E+01  1.5650059897E+01  3.9748438279E+01
 -2.7703648942E-01  2.0773699683E-01  2.1275018772E+00
  3.3104743656E+00  3.3498974584E+01 -1.9033809606E-01  3.6619110853E+01
  9.0077100265E-02 -1.7826757340E-01  1.0105831200E+00
  2.1116333008E+01


  1.1749606322E+02  1.3428121511E-01
  1.0000000000E+00  7.1938000000E-01
  4.6056090767E+01  1.6165191353E+01  4.6366144934E+01
 -7.5829587302E-01  8.7467426310E-02  1.8510589775E+00
  2.9397924008E+00  3.3866129410E+01 -1.8681899384E-01  3.6619102817E+01
  8.8436802116E-02 -1.7590089363E-01  1.0055298787E+00
  2.1747558594E+01


  1.2085309360E+02  1.3428121511E-01
  1.0000000000E+00  7.1522000000E-01
  4.2635682429E+01  1.6222790520E+01  5.1958840138E+01
 -1.2283565469E+00 -1.7241306858E-02  1.5164571635E+00
  2.8010478368E+00  3.4002760311E+01 -1.8471431912E-01  3.6619093828E+01
  8.7406629657E-02 -1.7478866568E-01  1.0001407050E+00
  2.1185302734E+01


  1.2421012397E+02  1.3428121511E-01
  1.0000000000E+00  7.1187000000E-01
  3.7775818853E+01  1.5898845013E+01  5.6390137527E+01
 -1.6459197941E+00 -1.5094583812E-01  1.1460439434E+00
  2.8928851886E+00  3.3910125276E+01 -1.8391853743E-01  3.6619091927E+01
  8.7518759059E-02 -1.7490506499E-01  1.0007572859E+00
  2.1066772461E+01


  1.2756715435E+02  1.3428121511E-01
  1.0000000000E+00  7.0846000000E-01
  3.1549183833E+01  1.5148631468E+01  5.9605082038E+01
 -2.0472582010E+00 -2.8841699528E-01  7.5262679872E-01
  3.1906088385E+00  3.3611632236E+01 -1.8317428344E-01  3.6619066791E+01
  8.7870997984E-02 -1.7496120874E-01  1.0044626305E+00
  2.1109130859E+01


  1.3092418473E+02  1.3428121511E-01
  1.0000000000E+00  7.0512000000E-01
  2.4171923230E+01  1.4003829435E+01  6.1393187643E+01
 -2.3451919855E+00 -3.9786063893E-01  3.0338553864E-01
  3.6554852221E+00  3.3146355013E+01 -1.8277373445E-01  3.6619066501E+01
  8.8528029020E-02 -1.7528134147E-01  1.0101249600E+00
  2.0439086914E+01


  1.3428121511E+02  1.3428121511E-01
  1.0000000000E+00  7.0187000000E-01
  1.5770244219E+01  1.2490817884E+01  6.1658821671E+01
 -2.6329827541E+00 -4.8734978747E-01 -1.7557284422E-01
  4.2323644784E+00  3.2568851302E+01 -1.8218760425E-01  3.6619028176E+01
  8.8950831647E-02 -1.7532263312E-01  1.0147101953E+00
  2.1159790039E+01


  1.3763824549E+02  1.3428121511E-01
  1.0000000000E+00  6.9871000000E-01
  6.6091659675E+00  1.0561361399E+01  6.0127532737E+01
 -2.8147745069E+00 -6.3036025370E-01 -7.2035823507E-01
  4.8582258043E+00  3.1941704886E+01 -1.8090772495E-01  3.6619022966E+01
  8.8450379711E-02 -1.7455605591E-01  1.0134323814E+00
  2.1052001953E+01


  1.4099527586E+02  1.3428121511E-01
  1.0000000000E+00  6.9575000000E-01
 -2.8912924884E+00  8.2714962107E+00  5.6570739397E+01
 -2.8480606099E+00 -7.3368227009E-01 -1.3517724862E+00
  5.4792496493E+00  3.1320883521E+01 -1.8113628354E-01  3.6618996887E+01
  8.9201506881E-02 -1.7515995099E-01  1.0185148645E+00
  2.1111450195E+01


  1.4435230624E+02  1.3428121511E-01
  1.0000000000E+00  6.9298000000E-01
 -1.2244615462E+01  5.7426448741E+00  5.0838801150E+01
 -2.6966881287E+00 -8.0073421448E-01 -2.0328488813E+00
  6.0347906971E+00  3.0764669202E+01 -1.8045380140E-01  3.6619006097E+01
  8.8880660034E-02 -1.7473945133E-01  1.0172935689E+00
  2.1086791992E+01


  1.4770933662E+02  1.3428121511E-01
  1.0000000000E+00  6.9065000000E-01
 -2.0748084754E+01  2.9629843321E+00  4.2821270366E+01
 -2.3574532105E+00 -8.4587346256E-01 -2.6979389775E+00
  6.5002465018E+00  3.0298504471E+01 -1.7973195087E-01  3.6619019022E+01
  8.9154288125E-02 -1.7417629928E-01  1.0237246800E+00
  2.1100708008E+01


  1.5106636700E+02  1.3428121511E-01
  1.0000000000E+00  6.8827000000E-01
 -2.7606564501E+01  8.8492860400E-02  3.2564537493E+01
 -1.7323481045E+00 -8.4583210802E-01 -3.3732303402E+00
  6.9268454068E+00  2.9870515102E+01 -1.7832843195E-01  3.6619032077E+01
  8.7827254590E-02 -1.7294661127E-01  1.0156574210E+00
  2.1034912109E+01


  1.5442339737E+02  1.3428121511E-01
  1.0000000000E+00  6.8519000000E-01
 -3.1959582971E+01 -2.6142902261E+00  2.0286287410E+01
 -8.4604180313E-01 -7.9369230330E-01 -3.9229274959E+00
  7.4413071987E+00  2.9354153356E+01 -1.7640667146E-01  3.6619053883E+01
  8.6381698309E-02 -1.7101211592E-01  1.0102406820E+00
  2.1069946289E+01


  1.5778042775E+02  1.3428121511E-01
  1.0000000000E+00  6.8074000000E-01
 -3.2991806586E+01 -5.0347321617E+00  6.4040764281E+00
  2.4466400437E-01 -6.5452996491E-01 -4.3167185529E+00
  8.1875602584E+00  2.8606781659E+01 -1.7530468395E-01  3.6619037233E+01
  8.6249971587E-02 -1.6966342149E-01  1.0167185222E+00
  2.1000732422E+01


  1.6113745813E+02  1.3428121511E-01
  1.0000000000E+00  6.7516000000E-01
 -2.9816044628E+01 -6.8305388731E+00 -8.1590988475E+00
  1.6029941744E+00 -4.2756298045E-01 -4.2696948954E+00
  8.8147723349E+00  2.7978798459E+01 -1.7461773251E-01  3.6618953062E+01
  8.6489099333E-02 -1.6857890186E-01  1.0260963665E+00
  2.1027221680E+01


  1.6449448851E+02  1.3428121511E-01
  1.0000000000E+00  6.6954000000E-01
 -2.2221662311E+01 -7.7332700139E+00 -2.1627281423E+01
  2.8267448863E+00 -1.4871421834E-01 -3.7182693731E+00
  9.0599204802E+00  2.7731808514E+01 -1.7280493279E-01  3.6618924061E+01
  8.5525780602E-02 -1.6620723697E-01  1.0291462894E+00
  2.0993774414E+01


  1.6785151888E+02  1.3428121511E-01
  1.0000000000E+00  6.6471000000E-01
 -1.1223769686E+01 -7.7425192805E+00 -3.2562753956E+01
  3.6193810205E+00  1.2058968881E-01 -2.7945150181E+00
  8.8679124810E+00  2.7922241360E+01 -1.7123576723E-01  3.6618918074E+01
  8.3981235477E-02 -1.6413157362E-01  1.0233404046E+00
  2.1038208008E+01


  1.7120854926E+02  1.3428121511E-01
  1.0000000000E+00  6.6028000000E-01
  1.4168147129E+00 -6.9089427920E+00 -4.0275813595E+01
  3.8234518598E+00  3.4889259308E-01 -1.8353739194E+00
  8.0393505072E+00  2.8751141100E+01 -1.7149684679E-01  3.6618994760E+01
  8.4454391532E-02 -1.6382820982E-01  1.0310115898E+00
  2.1036254883E+01


  1.7456557964E+02  1.3428121511E-01
  1.0000000000E+00  6.5685000000E-01
  1.3990208605E+01 -5.5845277736E+00 -4.4935129762E+01
  3.6385722132E+00  4.3534031237E-01 -9.9270354731E-01
  6.8932304603E+00  2.9896945845E+01 -1.7110977646E-01  3.6619066528E+01
  8.3876624650E-02 -1.6296735758E-01  1.0293671800E+00
  2.1120361328E+01


  1.7792261002E+02  1.3428121511E-01
  1.0000000000E+00  6.5432000000E-01
  2.5500081296E+01 -4.0168433564E+00 -4.7070745955E+01
  3.2022981990E+00  4.9911906705E-01 -3.3908395150E-01
  5.8359227617E+00  3.0951988076E+01 -1.6884457827E-01  3.6619066259E+01
  8.1464472770E-02 -1.6041442363E-01  1.0156751610E+00
  2.1052490234E+01


  1.8127964040E+02  1.3428121511E-01
  1.0000000000E+00  6.5245000000E-01
  3.5394642247E+01 -2.4182889001E+00 -4.7335125967E+01
  2.7024030683E+00  4.8598755310E-01  1.4094270548E-01
  5.0051055553E+00  3.1780811788E+01 -1.6667302459E-01  3.6619244319E+01
  7.9665634940E-02 -1.5829871939E-01  1.0065227975E+00
  2.1112182617E+01


  1.8463667077E+02  1.3428121511E-01
  1.0000000000E+00  6.5098000000E-01
  4.3673824149E+01 -7.5892014765E-01 -4.6102607811E+01
  2.2187515808E+00  4.8515055185E-01  5.5277789294E-01
  4.3872543661E+00  3.2397454963E+01 -1.6549215464E-01  3.6619217174E+01
  7.8802374318E-02 -1.5754048982E-01  1.0004078876E+00
  2.0453613281E+01


  1.8799370115E+02  1.3428121511E-01
  1.0000000000E+00  6.4979000000E-01
  5.0228979308E+01  8.1744867700E-01 -4.3634115064E+01
  1.7015654436E+00  4.6033207123E-01  8.9349900352E-01
  3.9360730052E+00  3.2848270580E+01 -1.6507339997E-01  3.6619270186E+01
  7.9102808856E-02 -1.5778115519E-01  1.0026901978E+00
  2.1109985352E+01


  1.9135073153E+02  1.3428121511E-01
  1.0000000000E+00  6.4871000000E-01
  5.5067105653E+01  2.3035890856E+00 -4.0217011911E+01
  1.2024448749E+00  4.1630730715E-01  1.1380800659E+00
  3.6155706542E+00  3.3167974539E+01 -1.6428854248E-01  3.6619256651E+01
  7.9161621530E-02 -1.5754550526E-01  1.0049365915E+00
  2.1030151367E+01


  1.9470776191E+02  1.3428121511E-01
  1.0000000000E+00  6.4764000000E-01
  5.8135661459E+01  3.6702505790E+00 -3.5936406879E+01
  6.6091609503E-01  3.8997995762E-01  1.3953185748E+00
  3.4320531568E+00  3.3350577308E+01 -1.6341843194E-01  3.6619212033E+01
  7.8506742219E-02 -1.5705771532E-01  9.9971837814E-01
  2.0479614258E+01


  1.9806479228E+02  1.3428121511E-01
  1.0000000000E+00  6.4672000000E-01
  5.9465284935E+01  4.8749206565E+00 -3.0885085624E+01
  1.3821866928E-01  3.4349333814E-01  1.6151498267E+00
  3.3734728267E+00  3.3408813195E+01 -1.6308787989E-01  3.6619198142E+01
  7.8745026356E-02 -1.5699118166E-01  1.0031777011E+00
  2.0461914062E+01


  2.0142182266E+02  1.3428121511E-01
  1.0000000000E+00  6.4582000000E-01
  5.8942421518E+01  5.9163450637E+00 -2.5252815593E+01
 -4.4374489182E-01  2.8425379058E-01  1.7821568700E+00
  3.4562584471E+00  3.3325458806E+01 -1.6250830692E-01  3.6619208946E+01
  7.8219124265E-02 -1.5663670517E-01  9.9873301317E-01
  2.1100097656E+01


  2.0477885304E+02  1.3428121511E-01
  1.0000000000E+00  6.4477000000E-01
  5.6451132824E+01  6.7352759298E+00 -1.9029697552E+01
 -1.0359443383E+00  1.9369639786E-01  1.9248677860E+00
  3.8260089081E+00  3.2955486961E+01 -1.6227295969E-01  3.6619222909E+01
  7.8592191879E-02 -1.5663741724E-01  1.0034919276E+00
  2.0458129883E+01


  2.0813588342E+02  1.3428121511E-01
  1.0000000000E+00  6.4355000000E-01
  5.1769325982E+01  7.2876974483E+00 -1.2213335641E+01
 -1.7345488062E+00  1.1599300800E-01  2.1044610566E+00
  4.5354013980E+00  3.2245523557E+01 -1.6169052395E-01  3.6619234431E+01
  7.8139760998E-02 -1.5627374538E-01  1.0000369647E+00
  2.0486938477E+01


  2.1149291379E+02  1.3428121511E-01
  1.0000000000E+00  6.4198000000E-01
  4.4571498449E+01  7.5156050049E+00 -4.9702094496E+00
 -2.5470906860E+00 -4.3772152348E-03  2.2193824699E+00
  5.6728784740E+00  3.1107538868E+01 -1.6115631144E-01  3.6619261031E+01
  7.8015786198E-02 -1.5587534259E-01  1.0010022740E+00
  2.0432739258E+01


  2.1484994417E+02  1.3428121511E-01
  1.0000000000E+00  6.3920000000E-01
  3.4253008779E+01  7.2133061046E+00  2.5937573976E+00
 -3.6110904993E+00 -1.7650182022E-01  2.2468678254E+00
  7.6993066875E+00  2.9082361840E+01 -1.6235745782E-01  3.6619311069E+01
  7.9627226754E-02 -1.5686725465E-01  1.0152179553E+00
  2.1057373047E+01


  2.1820697455E+02  1.3428121511E-01
  1.0000000000E+00  6.3428000000E-01
  1.9703321101E+01  6.1423987422E+00  9.6175986261E+00
 -5.0793729826E+00 -4.9115307078E-01  1.8230439548E+00
  1.1310984355E+01  2.5471799132E+01 -1.6330769309E-01  3.6619475794E+01
  8.1391619813E-02 -1.5691549143E-01  1.0373943206E+00
  2.0970703125E+01


  2.2156400493E+02  1.3428121511E-01
  1.0000000000E+00  6.2057000000E-01
 -2.1123102934E-01  3.4821602941E+00  1.3332852466E+01
 -6.4539537963E+00 -1.0795013070E+00  9.1726311087E-02
  1.5470500246E+01  2.1308865792E+01 -1.6241552207E-01  3.6616950516E+01
  8.6099346405E-02 -1.5411140104E-01  1.1173650466E+00
  2.0994995117E+01


  2.2492103531E+02  1.3428121511E-01
  1.0000000000E+00  5.9835000000E-01
 -1.9967887685E+01 -7.5543715950E-01  9.7865226188E+00
 -5.0770404180E+00 -1.2851394321E+00 -1.8038484816E+00
  1.1511428895E+01  2.5263354927E+01 -1.5526411612E-01  3.6619519706E+01
  8.2985949252E-02 -1.4183191497E-01  1.1702013509E+00
  2.1517822266E+01


  2.2827806568E+02  1.3428121511E-01
  1.0000000000E+00  5.8528000000E-01
 -3.4156651767E+01 -4.8001865260E+00  2.7769052685E+00
 -3.5282540863E+00 -1.1154639764E+00 -2.2515541612E+00
  7.8495693045E+00  2.8900906848E+01 -1.3064338305E-01  3.6619832769E+01
  6.1019181236E-02 -1.1712407647E-01  1.0419579488E+00
  2.1562255859E+01


  2.3163509606E+02  1.3428121511E-01
  1.0000000000E+00  5.7456000000E-01
 -4.3993858937E+01 -8.2900367009E+00 -4.8582060295E+00
 -2.4243872546E+00 -9.5152820248E-01 -2.2414930051E+00
  5.7968443289E+00  3.0941114926E+01 -1.1810132113E-01  3.6619857934E+01
  5.0311498847E-02 -1.0557431734E-01  9.5310109725E-01
  2.0884277344E+01


  2.3499212644E+02  1.3428121511E-01
  1.0000000000E+00  5.6747000000E-01
 -5.0627532769E+01 -1.1246547884E+01 -1.2150747682E+01
 -1.6030792323E+00 -8.3715513627E-01 -2.1313834568E+00
  4.6699161662E+00  3.2067102727E+01 -1.1719778889E-01  3.6619821104E+01
  5.1613219593E-02 -1.0600909804E-01  9.7375075436E-01
  2.1518676758E+01


  2.3834915682E+02  1.3428121511E-01
  1.0000000000E+00  5.6204000000E-01
 -5.4829306284E+01 -1.3756340251E+01 -1.8945153328E+01
 -9.3697110345E-01 -6.8773007589E-01 -1.9739383902E+00
  4.0155212873E+00  3.2724907428E+01 -1.2063272369E-01  3.6619795992E+01
  5.6686830856E-02 -1.1063776004E-01  1.0247284623E+00
  2.1478515625E+01


  2.4170618719E+02  1.3428121511E-01
  1.0000000000E+00  5.5656000000E-01
 -5.6816780067E+01 -1.5814388589E+01 -2.5226917266E+01
 -3.1224241673E-01 -5.4423157133E-01 -1.7823526677E+00
  3.6010882575E+00  3.3138359854E+01 -1.1968030671E-01  3.6619767805E+01
  5.6574040999E-02 -1.1060244913E-01  1.0230160624E+00
  2.1552734375E+01


  2.4506321757E+02  1.3428121511E-01
  1.0000000000E+00  5.5208000000E-01
 -5.6831710843E+01 -1.7436430594E+01 -3.0924183362E+01
  2.4087196363E-01 -4.2147988113E-01 -1.6162812380E+00
  3.3816670341E+00  3.3353795596E+01 -1.1570490022E-01  3.6619757730E+01
  5.3679699524E-02 -1.0732968284E-01  1.0002768685E+00
  2.0876098633E+01


  2.4842024795E+02  1.3428121511E-01
  1.0000000000E+00  5.4832000000E-01
 -5.5084456702E+01 -1.8622268322E+01 -3.5915333324E+01
  7.7452352589E-01 -3.0020840218E-01 -1.4029981713E+00
  3.3543215746E+00  3.3379233155E+01 -1.1382303174E-01  3.6619731698E+01
  5.2448272105E-02 -1.0600166112E-01  9.8957453213E-01
  2.0943237305E+01


  2.5177727833E+02  1.3428121511E-01
  1.0000000000E+00  5.4460000000E-01
 -5.1625944746E+01 -1.9396039688E+01 -4.0172407672E+01
  1.2897840127E+00 -1.4771033986E-01 -1.1417834300E+00
  3.4970187084E+00  3.3236335343E+01 -1.1362074153E-01  3.6619733310E+01
  5.2742186137E-02 -1.0621425039E-01  9.9312824683E-01
  2.0923217773E+01


  2.5513430870E+02  1.3428121511E-01
  1.0000000000E+00  5.4190000000E-01
 -4.6444916873E+01 -1.9663143434E+01 -4.3586973240E+01
  1.7572343210E+00 -6.7225892040E-03 -8.8403048607E-01
  3.8097840838E+00  3.2924052561E+01 -1.1412066878E-01  3.6619715976E+01
  5.3899221769E-02 -1.0710114762E-01  1.0065106297E+00
  2.0938232422E+01


  2.5849133908E+02  1.3428121511E-01
  1.0000000000E+00  5.3929000000E-01
 -3.9668486875E+01 -1.9440416272E+01 -4.6031141437E+01
  2.2630659463E+00  1.5311489717E-01 -5.5157940510E-01
  4.2970209506E+00  3.2436643509E+01 -1.1396474158E-01  3.6619699718E+01
  5.4096097913E-02 -1.0726623557E-01  1.0086323553E+00
  2.0879516602E+01


  2.6184836946E+02  1.3428121511E-01
  1.0000000000E+00  5.3667000000E-01
 -3.1255045638E+01 -1.8689645271E+01 -4.7246449758E+01
  2.7242747866E+00  3.2056636785E-01 -1.5329456281E-01
  4.9503374245E+00  3.1782162131E+01 -1.1281927176E-01  3.6619680284E+01
  5.3398851200E-02 -1.0638638844E-01  1.0038662273E+00
  2.0987304688E+01


  2.6520539984E+02  1.3428121511E-01
  1.0000000000E+00  5.3431000000E-01
 -2.1312634060E+01 -1.7270111316E+01 -4.6980748084E+01
  3.1655463850E+00  5.0748709270E-01  3.3451615055E-01
  5.7592148125E+00  3.0973198833E+01 -1.1276407105E-01  3.6619649575E+01
  5.3733712384E-02 -1.0655577606E-01  1.0085556010E+00
  2.0939941406E+01


  2.6856243021E+02  1.3428121511E-01
  1.0000000000E+00  5.3193000000E-01
 -1.0089966309E+01 -1.5158269340E+01 -4.4846332431E+01
  3.5022504742E+00  7.4435428644E-01  9.6644590120E-01
  6.6710256469E+00  3.0061485553E+01 -1.1294678568E-01  3.6619564414E+01
  5.4296974324E-02 -1.0687698646E-01  1.0160648447E+00
  2.0984375000E+01


  2.7191946059E+02  1.3428121511E-01
  1.0000000000E+00  5.2963000000E-01
  2.0465134074E+00 -1.2215079086E+01 -4.0304472839E+01
  3.6494762210E+00  9.8594787972E-01  1.7505394971E+00
  7.5595424632E+00  2.9173172138E+01 -1.1314876490E-01  3.6619565836E+01
  5.4877144857E-02 -1.0704977195E-01  1.0252641151E+00
  2.0333984375E+01


  2.7527649097E+02  1.3428121511E-01
  1.0000000000E+00  5.2707000000E-01
  1.3892934505E+01 -8.4677307859E+00 -3.2819385002E+01
  3.3547868659E+00  1.2413949360E+00  2.6629632883E+00
  8.1736336211E+00  2.8558965545E+01 -1.1302840028E-01  3.6619570766E+01
  5.4942406224E-02 -1.0666034165E-01  1.0302312063E+00
  2.0413085938E+01


  2.7863352135E+02  1.3428121511E-01
  1.0000000000E+00  5.2401000000E-01
  2.3959896908E+01 -4.0800062228E+00 -2.2333958493E+01
  2.5859642714E+00  1.3658621609E+00  3.5258780958E+00
  8.3488057249E+00  2.8384175159E+01 -1.1344359668E-01  3.6619537287E+01
  5.5343875722E-02 -1.0631883702E-01  1.0410925716E+00
  2.0922119141E+01


  2.8199055173E+02  1.3428121511E-01
  1.0000000000E+00  5.2015000000E-01
  3.0635523505E+01  5.7260267224E-01 -9.4200923184E+00
  1.3924488887E+00  1.3682551669E+00  4.0918107037E+00
  8.2284133805E+00  2.8503534604E+01 -1.1239502862E-01  3.6619552956E+01
  5.3819283019E-02 -1.0402974470E-01  1.0346902835E+00
  2.1007080078E+01


  2.8534758210E+02  1.3428121511E-01
  1.0000000000E+00  5.1548000000E-01
  3.2907807051E+01  5.0143594622E+00  4.7236336952E+00
  2.3923823661E-02  1.2393328538E+00  4.2229436620E+00
  7.8533417939E+00  2.8875631609E+01 -1.0938310214E-01  3.6619590301E+01
  5.1395748551E-02 -1.0088173257E-01  1.0189307269E+00
  2.0935546875E+01


  2.8870461248E+02  1.3428121511E-01
  1.0000000000E+00  5.1120000000E-01
  3.0883340046E+01  8.8583073601E+00  1.8337761929E+01
 -1.1536135753E+00  1.0341325315E+00  3.8689142162E+00
  7.2954042929E+00  2.9431136361E+01 -1.0697940988E-01  3.6619561244E+01
  4.9830804543E-02 -9.8701492262E-02  1.0097274803E+00
  2.0966796875E+01


  2.9206164286E+02  1.3428121511E-01
  1.0000000000E+00  5.0811000000E-01
  2.5443852685E+01  1.1920202209E+01  3.0374165313E+01
 -2.0135499160E+00  7.7262811208E-01  3.3218784591E+00
  6.8827513815E+00  2.9842408135E+01 -1.0561107352E-01  3.6619548443E+01
  4.9619886183E-02 -9.7932656153E-02  1.0133470924E+00
  2.0920898438E+01


  2.9541867324E+02  1.3428121511E-01
  1.0000000000E+00  5.0540000000E-01
  1.7513004188E+01  1.4129389383E+01  4.0365573649E+01
 -2.6087300583E+00  5.1568748259E-01  2.6636578505E+00
  6.5294186863E+00  3.0194879700E+01 -1.0476250903E-01  3.6619535877E+01
  4.9472681586E-02 -9.7516502091E-02  1.0146525055E+00
  2.0963623047E+01


  2.9877570361E+02  1.3428121511E-01
  1.0000000000E+00  5.0300000000E-01
  8.0374134666E+00  1.5498199108E+01  4.8095480031E+01
 -2.9542555906E+00  3.1143427527E-01  1.9615920361E+00
  6.1721050898E+00  3.0552063389E+01 -1.0456998036E-01  3.6619598498E+01
  4.9568108276E-02 -9.7579643307E-02  1.0159518235E+00
  2.0902832031E+01


  3.0213273399E+02  1.3428121511E-01
  1.0000000000E+00  5.0100000000E-01
 -2.0935473363E+00  1.6128886801E+01  5.3555598422E+01
 -3.0549684356E+00  7.7877109740E-02  1.2930199199E+00
  5.7811276661E+00  3.0943102150E+01 -1.0454512093E-01  3.6619684695E+01
  4.9885881886E-02 -9.7738251618E-02  1.0208056940E+00
  2.0960693359E+01


  3.0548976437E+02  1.3428121511E-01
  1.0000000000E+00  4.9945000000E-01
 -1.2174369416E+01  1.6134631182E+01  5.6810273132E+01
 -2.9348542401E+00 -8.7617831987E-02  6.7710754825E-01
  5.3643622989E+00  3.1358767327E+01 -1.0341678693E-01  3.6619712839E+01
  4.9000307633E-02 -9.6779215076E-02  1.0126204804E+00
  2.0902587891E+01


  3.0884679475E+02  1.3428121511E-01
  1.0000000000E+00  4.9772000000E-01
 -2.1644769135E+01  1.5652752322E+01  5.8114050427E+01
 -2.6956836046E+00 -2.1335034802E-01  1.4560110525E-01
  4.9687870742E+00  3.1753428581E+01 -1.0249937956E-01  3.6619716276E+01
  4.8468791716E-02 -9.6034659800E-02  1.0094020600E+00
  2.1497802734E+01


  3.1220382512E+02  1.3428121511E-01
  1.0000000000E+00  4.9649000000E-01
 -3.0146821659E+01  1.4766417953E+01  5.7669658838E+01
 -2.3618860642E+00 -3.0521740164E-01 -3.6246022354E-01
  4.6143832929E+00  3.2107658441E+01 -1.0236163351E-01  3.6619680101E+01
  4.8514278995E-02 -9.6147119559E-02  1.0091676010E+00
  2.0848388672E+01


  3.1556085550E+02  1.3428121511E-01
  1.0000000000E+00  4.9556000000E-01
 -3.7441896425E+01  1.3532722060E+01  5.5773290246E+01
 -1.9895427377E+00 -4.2652151387E-01 -7.7630544341E-01
  4.3153115947E+00  3.2406202953E+01 -1.0187794465E-01  3.6619636603E+01
  4.8542690139E-02 -9.5945714437E-02  1.0118782360E+00
  2.0884521484E+01


  3.1891788588E+02  1.3428121511E-01
  1.0000000000E+00  4.9481000000E-01
 -4.3382222622E+01  1.2062319956E+01  5.2541855173E+01
 -1.5649799064E+00 -4.6595891378E-01 -1.1365476646E+00
  4.0953816809E+00  3.2625470192E+01 -1.0126126564E-01  3.6619590607E+01
  4.8015829337E-02 -9.5562499037E-02  1.0049094534E+00
  2.0237548828E+01


  3.2227491626E+02  1.3428121511E-01
  1.0000000000E+00  4.9419000000E-01
 -4.7813051280E+01  1.0447490704E+01  4.8172051602E+01
 -1.1063609125E+00 -5.0640791011E-01 -1.4579431338E+00
  3.9762422577E+00  3.2743342614E+01 -1.0000880685E-01  3.6619576065E+01
  4.7011013840E-02 -9.4497005813E-02  9.9497361712E-01
  2.0272949219E+01


  3.2563194664E+02  1.3428121511E-01
  1.0000000000E+00  4.9345000000E-01
 -5.0677350924E+01  8.6667259335E+00  4.2741809227E+01
 -6.0823449990E-01 -5.4400846471E-01 -1.7498967462E+00
  3.9907925647E+00  3.2728755326E+01 -9.9967103068E-02  3.6619580788E+01
  4.7164249661E-02 -9.4582291550E-02  9.9731670459E-01
  2.0205566406E+01


  3.2898897701E+02  1.3428121511E-01
  1.0000000000E+00  4.9296000000E-01
 -5.1818747847E+01  6.7714669829E+00  3.6321511497E+01
 -9.1098388703E-02 -5.7895563478E-01 -2.0362018755E+00
  4.1595691855E+00  3.2560185728E+01 -1.0016321267E-01  3.6619591701E+01
  4.7590171009E-02 -9.4870294792E-02  1.0032681170E+00
  2.0288330078E+01


  3.3234600739E+02  1.3428121511E-01
  1.0000000000E+00  4.9230000000E-01
 -5.1076073740E+01  4.8533488423E+00  2.9010669889E+01
  5.1186702200E-01 -5.8620286713E-01 -2.3131284130E+00
  4.5302035657E+00  3.2189927420E+01 -1.0053869603E-01  3.6619592289E+01
  4.7960018414E-02 -9.5260201499E-02  1.0069266632E+00
  2.0199707031E+01


  3.3570303777E+02  1.3428121511E-01
  1.0000000000E+00  4.9164000000E-01
 -4.8187953354E+01  2.8656474773E+00  2.0903653670E+01
  1.1965851112E+00 -5.8603500833E-01 -2.5343616733E+00
  5.1161794696E+00  3.1603261216E+01 -9.9882907116E-02  3.6619557778E+01
  4.7264056642E-02 -9.4505506320E-02  1.0002392132E+00
  2.0250000000E+01


  3.3906006815E+02  1.3428121511E-01
  1.0000000000E+00  4.9051000000E-01
 -4.2772953220E+01  8.6721109891E-01  1.1960445602E+01
  2.0283308860E+00 -5.8043191583E-01 -2.7488662355E+00
  5.9956683383E+00  3.0723862428E+01 -9.9915223404E-02  3.6619615543E+01
  4.7147292294E-02 -9.4168109047E-02  1.0013430825E+00
  2.0216308594E+01


  3.4241709852E+02  1.3428121511E-01
  1.0000000000E+00  4.8887000000E-01
 -3.4258120485E+01 -1.0386166816E+00  2.3052065963E+00
  3.1001429385E+00 -5.3475336805E-01 -2.9587884184E+00
  7.5658688583E+00  2.9154333378E+01 -1.0041960037E-01  3.6619782636E+01
  4.7036800159E-02 -9.3856719911E-02  1.0023107606E+00
  2.0248291016E+01


  3.4577412890E+02  1.3428121511E-01
  1.0000000000E+00  4.8470000000E-01
 -2.1292187256E+01 -2.6280491819E+00 -7.4861344586E+00
  4.6729705196E+00 -4.0138487421E-01 -2.7317698046E+00
  1.0229643785E+01  2.6493008858E+01 -1.0298667882E-01  3.6619665964E+01
  4.9936844608E-02 -9.5129258578E-02  1.0498735164E+00
  2.0258056641E+01


  3.4913115928E+02  1.3428121511E-01
  1.0000000000E+00  4.7357000000E-01
 -2.4398494857E+00 -3.4000028657E+00 -1.4450989920E+01
  6.2762003044E+00 -2.0768334514E-02 -1.1561103834E+00
  1.2919989389E+01  2.3800740466E+01 -1.0255111614E-01  3.6618178739E+01
  5.3073066833E-02 -9.3436661165E-02  1.1360223315E+00
  2.0883789062E+01


  3.5248818966E+02  1.3428121511E-01
  1.0000000000E+00  4.5776000000E-01
  1.7683752286E+01 -2.8144905915E+00 -1.4586251964E+01
  5.3922780075E+00  3.0335079553E-01  7.3774903997E-01
  1.0210550771E+01  2.6506522161E+01 -9.7411977135E-02  3.6619660955E+01
  5.0202553935E-02 -8.5273342007E-02  1.1774501328E+00
  2.1971923828E+01


  3.5584522003E+02  1.3428121511E-01
  1.0000000000E+00  4.4808000000E-01
  3.3384429860E+01 -1.6713165695E+00 -1.0721163544E+01
  4.0442246061E+00  3.4605889802E-01  1.3801854599E+00
  7.4634471122E+00  2.9239567424E+01 -8.3298612783E-02  3.6619715923E+01
  3.7666068419E-02 -7.0783459492E-02  1.0642618682E+00
  2.1392089844E+01


  3.5920225041E+02  1.3428121511E-01
  1.0000000000E+00  4.4019000000E-01
  4.4989261247E+01 -5.1089060098E-01 -5.5783221736E+00
  2.9737424269E+00  3.2446731587E-01  1.6236810475E+00
  5.9044696495E+00  3.0788815629E+01 -7.3535000776E-02  3.6619750278E+01
  2.9186248959E-02 -6.1953599438E-02  9.4219703855E-01
  2.1380126953E+01


  3.6255928079E+02  1.3428121511E-01
  1.0000000000E+00  4.3389000000E-01
  5.3472483736E+01  5.6222649760E-01 -1.7682293653E-03
  2.1342939464E+00  3.0458125150E-01  1.6899466781E+00
  4.9822203679E+00  3.1708188252E+01 -7.0642651296E-02  3.6619765968E+01
  2.7997873277E-02 -6.0464257617E-02  9.2609665217E-01
  2.1444580078E+01


  3.6591631117E+02  1.3428121511E-01
  1.0000000000E+00  4.2905000000E-01
  5.9370792089E+01  1.5132045733E+00  5.5880269268E+00
  1.3960487374E+00  2.7010833281E-01  1.6330229649E+00
  4.3590338880E+00  3.2333831397E+01 -7.3056062767E-02  3.6619809223E+01
  3.1761912568E-02 -6.4001278651E-02  9.9253993787E-01
  2.0812011719E+01


  3.6927334155E+02  1.3428121511E-01
  1.0000000000E+00  4.2495000000E-01
  6.2958886738E+01  2.3102934034E+00  1.0982917054E+01
  7.7597730452E-01  2.2798554286E-01  1.5623708630E+00
  3.9458550608E+00  3.2748946450E+01 -7.5022842604E-02  3.6619778668E+01
  3.4857160993E-02 -6.6827698512E-02  1.0431950155E+00
  2.0840332031E+01


  3.7263037192E+02  1.3428121511E-01
  1.0000000000E+00  4.2144000000E-01
  6.4491722393E+01  2.9882727903E+00  1.6117095797E+01
  1.7864334800E-01  1.7801424989E-01  1.4774863226E+00
  3.7098192364E+00  3.2982956587E+01 -7.3003583468E-02  3.6619772240E+01
  3.3565897843E-02 -6.5374701679E-02  1.0268772776E+00
  2.0831542969E+01


  3.7598740230E+02  1.3428121511E-01
  1.0000000000E+00  4.1840000000E-01
  6.4047436311E+01  3.5106927861E+00  2.0874291703E+01
 -3.8766685497E-01  1.3096626557E-01  1.3578962197E+00
  3.6559893226E+00  3.3033926683E+01 -7.0116597859E-02  3.6619799408E+01
  3.1265203821E-02 -6.2852041404E-02  9.9488268393E-01
  2.0886962891E+01


  3.7934443268E+02  1.3428121511E-01
  1.0000000000E+00  4.1576000000E-01
  6.1716677788E+01  3.9229014893E+00  2.5190260137E+01
 -9.7871930995E-01  8.6077513628E-02  1.2255919190E+00
  3.7726844569E+00  3.2915770947E+01 -6.8664803805E-02  3.6619790600E+01
  3.0112248020E-02 -6.1662033204E-02  9.7668683484E-01
  2.0789794922E+01


  3.8270146306E+02  1.3428121511E-01
  1.0000000000E+00  4.1318000000E-01
  5.7476491155E+01  4.1228184710E+00  2.8945806352E+01
 -1.5513139268E+00  3.6806671039E-02  1.0389423801E+00
  4.0521715057E+00  3.2636533624E+01 -6.8966677733E-02  3.6619738452E+01
  3.0649619227E-02 -6.2133017232E-02  9.8658074539E-01
  2.0839111328E+01


  3.8605849343E+02  1.3428121511E-01
  1.0000000000E+00  4.1089000000E-01
  5.1305306052E+01  4.1504914089E+00  3.2005505921E+01
 -2.1170457175E+00 -2.0453301045E-02  7.9432799327E-01
  4.4939607425E+00  3.2195306265E+01 -6.9589285418E-02  3.6619677722E+01
  3.1530081560E-02 -6.2845515102E-02  1.0034154867E+00
  2.0772460938E+01


  3.8941552381E+02  1.3428121511E-01
  1.0000000000E+00  4.0856000000E-01
  4.3110558866E+01  4.0188375166E+00  3.4237958135E+01
 -2.7562926695E+00 -6.6976445326E-02  5.0495056315E-01
  5.1337264782E+00  3.1555689362E+01 -6.9772687474E-02  3.6619643152E+01
  3.1751643433E-02 -6.2987481822E-02  1.0081890088E+00
  2.0312500000E+01


  3.9277255419E+02  1.3428121511E-01
  1.0000000000E+00  4.0630000000E-01
  3.2765215336E+01  3.6205358667E+00  3.5273913690E+01
 -3.4225723678E+00 -1.3611460800E-01  9.8510036431E-02
  6.0020008999E+00  3.0686921734E+01 -6.9378236356E-02  3.6619544398E+01
  3.1445984059E-02 -6.2448798783E-02  1.0070965230E+00
  2.0237304688E+01


  3.9612958457E+02  1.3428121511E-01
  1.0000000000E+00  4.0380000000E-01
  2.0174306946E+01  2.9987342709E+00  3.4599210565E+01
 -4.0669287585E+00 -2.1466294277E-01 -4.9667853271E-01
  7.1362671472E+00  2.9552720909E+01 -6.9508251344E-02  3.6619479805E+01
  3.1790629710E-02 -6.2327075676E-02  1.0201226149E+00
  2.0250488281E+01


  3.9948661494E+02  1.3428121511E-01
  1.0000000000E+00  4.0129000000E-01
  5.5045234684E+00  2.0653353682E+00  3.1323821526E+01
 -4.5808730080E+00 -3.0673462668E-01 -1.4655287073E+00
  8.4749062904E+00  2.8214841713E+01 -7.0415137915E-02  3.6619332866E+01
  3.2701250597E-02 -6.2795071605E-02  1.0415228381E+00
  2.0166992188E+01


  4.0284364532E+02  1.3428121511E-01
  1.0000000000E+00  3.9637000000E-01
 -9.9626167991E+00  8.7162222339E-01  2.4147712881E+01
 -4.4536075254E+00 -3.9809605035E-01 -2.7771818734E+00
  9.3190343361E+00  2.7372505858E+01 -7.2397520224E-02  3.6619142674E+01
  3.4345404506E-02 -6.3484243407E-02  1.0820135096E+00
  2.0730712891E+01


  4.0620067570E+02  1.3428121511E-01
  1.0000000000E+00  3.9030000000E-01
 -2.3087154674E+01 -3.9541929803E-01  1.2734186663E+01
 -3.2834707684E+00 -3.5900773749E-01 -3.8744567852E+00
  8.9430153445E+00  2.7748071050E+01 -7.1860342247E-02  3.6619226052E+01
  3.3753161835E-02 -6.1806800743E-02  1.0922151423E+00
  2.0695800781E+01


  4.0955770608E+02  1.3428121511E-01
  1.0000000000E+00  3.8425000000E-01
 -3.1408108558E+01 -1.4218558974E+00 -1.1403245987E+00
 -1.7502288225E+00 -2.5775170902E-01 -4.2652064457E+00
  7.9933099648E+00  2.8693868962E+01 -6.8053379525E-02  3.6619125547E+01
  3.0063728926E-02 -5.7093619645E-02  1.0531379552E+00
  2.0705810547E+01


  4.1291473646E+02  1.3428121511E-01
  1.0000000000E+00  3.7915000000E-01
 -3.4976468711E+01 -2.1506060423E+00 -1.5006407767E+01
 -4.8862817531E-01 -1.6996929429E-01 -3.9718191077E+00
  6.9301097379E+00  2.9752830830E+01 -6.3767709688E-02  3.6619172858E+01
  2.6985862080E-02 -5.3489722394E-02  1.0090111099E+00
  2.1190429688E+01


  4.1627176683E+02  1.3428121511E-01
  1.0000000000E+00  3.7551000000E-01
 -3.5046412153E+01 -2.6076849925E+00 -2.7664764403E+01
  4.1198325123E-01 -1.1946119264E-01 -3.5611808188E+00
  6.2483125065E+00  3.0431716492E+01 -6.0645200411E-02  3.6619383798E+01
  2.5668044448E-02 -5.1739943503E-02  9.9219452941E-01
  2.1228759766E+01


  4.1962879721E+02  1.3428121511E-01
  1.0000000000E+00  3.7287000000E-01
 -3.2361340480E+01 -2.8100300817E+00 -3.8828529218E+01
  1.1146972334E+00 -3.6615905880E-02 -3.0841011670E+00
  5.8003499911E+00  3.0878769603E+01 -5.9582010439E-02  3.6619537584E+01
  2.5606693374E-02 -5.1650485138E-02  9.9153738076E-01
  2.0672607422E+01


  4.2298582759E+02  1.3428121511E-01
  1.0000000000E+00  3.7019000000E-01
 -2.7581108350E+01 -2.8004409562E+00 -4.8283319000E+01
  1.6658024609E+00  2.5892162948E-02 -2.5586689391E+00
  5.4964816365E+00  3.1182786361E+01 -5.9719595515E-02  3.6619548402E+01
  2.6411483946E-02 -5.2412147236E-02  1.0078382718E+00
  2.0684326172E+01


  4.2634285797E+02  1.3428121511E-01
  1.0000000000E+00  3.6826000000E-01
 -2.1229183146E+01 -2.6352789107E+00 -5.6002541976E+01
  2.0727175508E+00  7.2172623068E-02 -2.0254262127E+00
  5.2761644135E+00  3.1403001518E+01 -5.9618432595E-02  3.6619547499E+01
  2.6885411746E-02 -5.2780880427E-02  1.0187557134E+00
  2.0696289062E+01


  4.2969988834E+02  1.3428121511E-01
  1.0000000000E+00  3.6669000000E-01
 -1.3826533629E+01 -2.2956758977E+00 -6.1857154055E+01
  2.3468297987E+00  1.1392925233E-01 -1.4738403751E+00
  5.1058688513E+00  3.1572621123E+01 -5.8880859702E-02  3.6619609115E+01
  2.6606904223E-02 -5.2386095932E-02  1.0158002329E+00
  2.0801513672E+01


  4.3305691872E+02  1.3428121511E-01
  1.0000000000E+00  3.6511000000E-01
 -5.6905345882E+00 -1.8851041977E+00 -6.5836933576E+01
  2.4922037974E+00  1.3165255692E-01 -9.2333690425E-01
  4.9811844280E+00  3.1696639362E+01 -5.8222206589E-02  3.6619601584E+01
  2.6382446628E-02 -5.1990901762E-02  1.0148870565E+00
  2.0781494141E+01


  4.3641394910E+02  1.3428121511E-01
  1.0000000000E+00  3.6368000000E-01
  2.7169359111E+00 -1.4350248191E+00 -6.7910349805E+01
  2.5087574219E+00  1.4584514703E-01 -3.6277112291E-01
  4.8863862787E+00  3.1790882279E+01 -5.7667217561E-02  3.6619601340E+01
  2.6056244849E-02 -5.1660308880E-02  1.0087529639E+00
  2.0240478516E+01


  4.3977097948E+02  1.3428121511E-01
  1.0000000000E+00  3.6236000000E-01
  1.0993660242E+01 -9.1791109965E-01 -6.8152324100E+01
  2.4060002202E+00  1.4868163944E-01  1.7583078304E-01
  4.8058483682E+00  3.1871172190E+01 -5.7433301079E-02  3.6619587257E+01
  2.6062989921E-02 -5.1598028745E-02  1.0102320013E+00
  2.0695068359E+01


  4.4312800985E+02  1.3428121511E-01
  1.0000000000E+00  3.6153000000E-01
  1.8840814626E+01 -3.3804592457E-01 -6.6602884795E+01
  2.2435013439E+00  1.5615267281E-01  6.9162857718E-01
  4.7567095647E+00  3.1920060169E+01 -5.7216910449E-02  3.6619552824E+01
  2.5999611307E-02 -5.1519794657E-02  1.0093057039E+00
  2.0244384766E+01


  4.4648504023E+02  1.3428121511E-01
  1.0000000000E+00  3.6081000000E-01
  2.5906379775E+01  1.0498582198E-01 -6.3426381096E+01
  1.9775041929E+00  1.2803476532E-01  1.1805599038E+00
  4.7478550989E+00  3.1928734938E+01 -5.7054811371E-02  3.6619535225E+01
  2.5974324878E-02 -5.1470119028E-02  1.0092972532E+00
  2.0224365234E+01


  4.4984207061E+02  1.3428121511E-01
  1.0000000000E+00  3.6007000000E-01
  3.1954800314E+01  5.2623598753E-01 -5.8689550289E+01
  1.6238026994E+00  1.0473381156E-01  1.6304087810E+00
  4.7942276142E+00  3.1882092422E+01 -5.6774071724E-02  3.6619545965E+01
  2.5773119831E-02 -5.1227292496E-02  1.0062261179E+00
  2.0812255859E+01


  4.5319910099E+02  1.3428121511E-01
  1.0000000000E+00  3.5952000000E-01
  3.6715497316E+01  8.9678611693E-01 -5.2460536148E+01
  1.2173313504E+00  1.0340432950E-01  2.0682699527E+00
  4.9010674119E+00  3.1774968026E+01 -5.6534601671E-02  3.6619500837E+01
  2.5514198264E-02 -5.0962544909E-02  1.0012921572E+00
  2.0247070312E+01


  4.5655613137E+02  1.3428121511E-01
  1.0000000000E+00  3.5894000000E-01
  3.9969129104E+01  1.1541376918E+00 -4.4817186485E+01
  7.4838650393E-01  7.8689268744E-02  2.4652589493E+00
  5.0874444141E+00  3.1588218892E+01 -5.6452169798E-02  3.6619211136E+01
  2.5491641681E-02 -5.0741465346E-02  1.0047656885E+00
  2.0271484375E+01


  4.5991316174E+02  1.3428121511E-01
  1.0000000000E+00  3.5850000000E-01
  4.1427367318E+01  1.2950656471E+00 -3.5899573347E+01
  1.5612625172E-01  1.9261470085E-02  2.8413412968E+00
  5.3734778881E+00  3.1302478947E+01 -5.6776013250E-02  3.6619180822E+01
  2.5443800672E-02 -5.0792953853E-02  1.0018633981E+00
  2.0264404297E+01


  4.6327019212E+02  1.3428121511E-01
  1.0000000000E+00  3.5795000000E-01
  4.0803292658E+01  1.3081269596E+00 -2.5714035165E+01
 -5.5357071390E-01 -2.2862099180E-02  3.2051252135E+00
  5.7947614401E+00  3.0881787981E+01 -5.7357718928E-02  3.6619191702E+01
  2.5557667131E-02 -5.0871005756E-02  1.0048029030E+00
  2.0311279297E+01


  4.6662722250E+02  1.3428121511E-01
  1.0000000000E+00  3.5692000000E-01
  3.7522364733E+01  1.1749630946E+00 -1.4345775525E+01
 -1.4111465547E+00 -6.8695782272E-02  3.5580640560E+00
  6.4249751731E+00  3.0252257067E+01 -5.7697988098E-02  3.6619534252E+01
  2.5356114698E-02 -5.0451437398E-02  1.0051691688E+00
  2.0229980469E+01


  4.6998425288E+02  1.3428121511E-01
  1.0000000000E+00  3.5500000000E-01
  3.0797517261E+01  8.1745854638E-01 -1.9272090045E+00
 -2.6242383254E+00 -1.4286399878E-01  3.8272081343E+00
  7.5751043737E+00  2.9102523344E+01 -5.8127776734E-02  3.6619499941E+01
  2.5226667278E-02 -5.0011991126E-02  1.0088247522E+00
  2.0233886719E+01


  4.7334128325E+02  1.3428121511E-01
  1.0000000000E+00  3.5032000000E-01
  1.9155049689E+01  1.8208183580E-01  1.0527120665E+01
 -4.3056900097E+00 -2.3135551886E-01  3.4377678764E+00
  9.1469549078E+00  2.7531089468E+01 -5.8988123193E-02  3.6619056253E+01
  2.7060823697E-02 -5.0314948412E-02  1.0756574160E+00
  2.0217529297E+01


  4.7669831363E+02  1.3428121511E-01
  1.0000000000E+00  3.4268000000E-01
  2.0634794721E+00 -5.8698893289E-01  1.9649932752E+01
 -5.5739767806E+00 -2.2116138068E-01  1.8901584582E+00
  9.8299275331E+00  2.6847199092E+01 -5.8375270916E-02  3.6618751354E+01
  2.8078630766E-02 -4.8933495473E-02  1.1476241578E+00
  2.0724365234E+01


  4.8005534401E+02  1.3428121511E-01
  1.0000000000E+00  3.3527000000E-01
 -1.6036959048E+01 -1.2643563868E+00  2.3042406117E+01
 -5.0166456038E+00 -1.4566974726E-01  3.4349761826E-01
  8.2228868111E+00  2.8452330072E+01 -5.5926571457E-02  3.6619290312E+01
  2.6320897643E-02 -4.5296661233E-02  1.1621561910E+00
  2.1674560547E+01


  4.8341237439E+02  1.3428121511E-01
  1.0000000000E+00  3.2879000000E-01
 -3.1187484660E+01 -1.7016938488E+00  2.2692680430E+01
 -4.0235144924E+00 -8.9367459841E-02 -4.2665992825E-01
  6.7174135032E+00  2.9951516599E+01 -4.9661906158E-02  3.6619268196E+01
  2.0743661920E-02 -3.9005618619E-02  1.0636243010E+00
  2.1173339844E+01


  4.8676940476E+02  1.3428121511E-01
  1.0000000000E+00  3.2377000000E-01
 -4.3139754398E+01 -1.8416049933E+00  2.0492427174E+01
 -3.1558820681E+00 -1.2954485577E-02 -8.2357567633E-01
  5.7867643659E+00  3.0876923745E+01 -4.4280791369E-02  3.6619407319E+01
  1.6663583261E-02 -3.4607649554E-02  9.6300000007E-01
  2.1114501953E+01


  4.9012643514E+02  1.3428121511E-01
  1.0000000000E+00  3.1970000000E-01
 -5.2345293666E+01 -1.7751275323E+00  1.7268805155E+01
 -2.3917221866E+00  3.8415205806E-02 -1.0647879177E+00
  5.2051836679E+00  3.1456230566E+01 -4.1886003183E-02  3.6619528231E+01
  1.5241350242E-02 -3.3104561766E-02  9.2080060443E-01
  2.0640625000E+01


  4.9348346552E+02  1.3428121511E-01
  1.0000000000E+00  3.1611000000E-01
 -5.9117930790E+01 -1.5663431230E+00  1.3488116199E+01
 -1.7026161778E+00  8.0643312525E-02 -1.2026486623E+00
  4.8180953061E+00  3.1843396145E+01 -4.1851431664E-02  3.6619640020E+01
  1.6009878393E-02 -3.3843765913E-02  9.4610501885E-01
  2.0575195312E+01


  4.9684049590E+02  1.3428121511E-01
  1.0000000000E+00  3.1361000000E-01
 -6.3736795154E+01 -1.2496254284E+00  9.2897565644E+00
 -1.0888214030E+00  1.1394346911E-01 -1.3002799820E+00
  4.5646245123E+00  3.2098224704E+01 -4.3165787075E-02  3.6619683429E+01
  1.8156177382E-02 -3.5813328971E-02  1.0139340801E+00
  2.0546386719E+01


  5.0019752628E+02  1.3428121511E-01
  1.0000000000E+00  3.1112000000E-01
 -6.6315100605E+01 -7.9237919116E-01  4.8188087678E+00
 -4.7580876207E-01  1.4558955682E-01 -1.3539123464E+00
  4.4492950478E+00  3.2214288060E+01 -4.3851134675E-02  3.6619731973E+01
  1.9245000204E-02 -3.6875776772E-02  1.0437746341E+00
  2.1011230469E+01


  5.0355455665E+02  1.3428121511E-01
  1.0000000000E+00  3.0884000000E-01
 -6.6833920302E+01 -2.2722560554E-01  2.2985498786E-01
  1.2223255560E-01  1.7339802050E-01 -1.3656067218E+00
  4.4233822303E+00  3.2239159806E+01 -4.2826068756E-02  3.6619715968E+01
  1.8472438827E-02 -3.5994159359E-02  1.0264131268E+00
  2.0581298828E+01


  5.0691158703E+02  1.3428121511E-01
  1.0000000000E+00  3.0687000000E-01
 -6.5376336283E+01  4.1263970619E-01 -4.3689290785E+00
  7.0884760969E-01  1.9936577559E-01 -1.3708404135E+00
  4.4838381950E+00  3.2177312219E+01 -4.1515936346E-02  3.6619634477E+01
  1.7368090943E-02 -3.4700161707E-02  1.0010380406E+00
  2.0534179688E+01


  5.1026861741E+02  1.3428121511E-01
  1.0000000000E+00  3.0475000000E-01
 -6.1864045399E+01  1.1149189629E+00 -8.8346430784E+00
  1.3299430164E+00  2.2000838250E-01 -1.3001663094E+00
  4.6567397038E+00  3.2003710864E+01 -4.0886792805E-02  3.6619563775E+01
  1.6696360105E-02 -3.3995570828E-02  9.8226678935E-01
  2.0564208984E+01


  5.1362564779E+02  1.3428121511E-01
  1.0000000000E+00  3.0286000000E-01
 -5.6263656942E+01  1.8984233390E+00 -1.3035066026E+01
  1.9899474679E+00  2.3881940167E-01 -1.2073177541E+00
  4.9543213011E+00  3.1706130914E+01 -4.0994590743E-02  3.6619457624E+01
  1.6673036068E-02 -3.3894139353E-02  9.8383002998E-01
  2.0021240234E+01


  5.1698267816E+02  1.3428121511E-01
  1.0000000000E+00  3.0120000000E-01
 -4.8284190183E+01  2.7221642567E+00 -1.6784918040E+01
  2.7321194931E+00  2.6379005869E-01 -1.0334375810E+00
  5.4559118657E+00  3.1205100626E+01 -4.1664503718E-02  3.6619347988E+01
  1.6985312605E-02 -3.4176374965E-02  9.9397976654E-01
  2.0543945312E+01


  5.2033970854E+02  1.3428121511E-01
  1.0000000000E+00  2.9933000000E-01
 -3.7720199861E+01  3.5322714477E+00 -1.9863059312E+01
  3.5483550155E+00  2.3085304013E-01 -7.4754593039E-01
  6.2034964317E+00  3.0458021925E+01 -4.2273462933E-02  3.6619244894E+01
  1.7474661558E-02 -3.4427199397E-02  1.0151660236E+00
  2.0490966797E+01


  5.2369673892E+02  1.3428121511E-01
  1.0000000000E+00  2.9751000000E-01
 -2.4102287178E+01  4.2902149702E+00 -2.1642275120E+01
  4.5357925857E+00  1.9348261031E-01 -2.5790158459E-01
  7.2955164978E+00  2.9366029496E+01 -4.2447648425E-02  3.6619098345E+01
  1.7656002769E-02 -3.4360690009E-02  1.0276861590E+00
  2.0610351562E+01


  5.2705376930E+02  1.3428121511E-01
  1.0000000000E+00  2.9371000000E-01
 -7.0538604712E+00  4.6994251811E+00 -2.0798097231E+01
  5.5219343644E+00  2.2358601160E-02  8.4098454814E-01
  8.7980681370E+00  2.7863937356E+01 -4.3138412747E-02  3.6618867080E+01
  1.8459953773E-02 -3.4386376595E-02  1.0736783343E+00
  2.0630126953E+01


  5.3041079967E+02  1.3428121511E-01
  1.0000000000E+00  2.8289000000E-01
  1.1586868927E+01  4.1329171952E+00 -1.4852698149E+01
  5.2266340160E+00 -3.6922770763E-01  2.6346688897E+00
  9.1939353027E+00  2.7468865350E+01 -4.4014760286E-02  3.6618785893E+01
  2.0263180801E-02 -3.4061223088E-02  1.1898093471E+00
  2.1194824219E+01


  5.3296214276E+02  1.3428121511E-01
  1.0000000000E+00  2.7547000000E-01
  2.3279727753E+01  2.8190329987E+00 -6.8798148785E+00
  3.9481694047E+00 -6.1942673069E-01  3.4555581435E+00
  8.2240989086E+00  2.8437910899E+01 -4.2909673075E-02  3.6619100134E+01
  1.9533043271E-02 -3.1872593839E-02  1.2256952396E+00
  1.7672363281E+01




                Total cpu time used (secs) =  3.7039790E+03
